positive/IMG20231015134015.jpg 1 1594 1424 569 377
positive/IMG20231015134017.jpg 1 1718 1359 845 704
positive/IMG20231015134018.jpg 1 1441 1352 664 535
positive/IMG20231015134022.jpg 1 1840 1448 497 404
positive/IMG20231015134023.jpg 1 2399 1453 634 554
positive/IMG20231015134024.jpg 1 2161 1123 542 450
positive/IMG20231015134026.jpg 1 1902 1257 705 588
positive/IMG20231015134032.jpg 1 1817 1462 400 317
positive/IMG20231015134033.jpg 1 1860 1448 440 357
positive/IMG20231015134035.jpg 1 1902 1192 502 422
positive/IMG20231015134036.jpg 1 1899 1295 464 329
positive/IMG20231015134038.jpg 1 1954 844 515 439
positive/IMG20231015134039.jpg 1 542 706 622 523
positive/IMG20231015134040.jpg 1 795 733 596 483
positive/IMG20231015134040_01.jpg 1 1127 1305 504 457
positive/IMG20231015134041.jpg 1 1136 1108 461 412
positive/IMG20231015134042.jpg 1 1685 937 442 417
positive/IMG20231015134043.jpg 1 2142 1238 547 493
positive/IMG20231015134044.jpg 1 2218 1501 616 577
positive/IMG20231015134046.jpg 1 1775 1636 524 441
positive/IMG20231015134047.jpg 1 2256 1340 480 380
positive/IMG20231015134048.jpg 1 2377 227 499 457
positive/IMG20231015134049.jpg 1 2657 1218 553 487
positive/IMG20231015134049_01.jpg 1 3031 1489 577 461
positive/IMG20231015134059.jpg 1 854 1418 581 397
positive/IMG20231015134059_01.jpg 1 981 1514 567 383
positive/IMG20231015134100.jpg 1 1516 1492 473 397
positive/IMG20231015134100_01.jpg 1 1543 1678 528 390
positive/IMG20231015134102.jpg 1 2227 1570 429 422
positive/IMG20231015134105.jpg 1 1762 1677 507 411
positive/IMG20231015134106.jpg 1 1527 1423 538 458
positive/IMG20231015134106_01.jpg 1 1375 1708 546 380
positive/IMG20231015134107.jpg 1 1167 1019 550 368
positive/IMG20231015134108.jpg 1 1702 912 472 450
positive/IMG20231015134109.jpg 1 1962 1422 415 362
positive/IMG20231015134109_01.jpg 1 2185 1532 331 334
positive/IMG20231015134111.jpg 1 1065 1282 590 446
positive/IMG20231015134122.jpg 1 2132 1555 453 344
positive/IMG20231015134123.jpg 1 1414 1490 466 369
positive/IMG20231015134124.jpg 1 1305 1298 508 407
positive/IMG20231015134125.jpg 1 1850 1439 469 373
positive/IMG20231015134125_01.jpg 1 2020 1398 449 347
positive/IMG20231015134126.jpg 1 1885 1396 500 401
positive/IMG20231015134127.jpg 1 2097 1195 492 425
positive/IMG20231015134127_01.jpg 1 1908 656 516 510
positive/IMG20231015134128.jpg 1 1766 1447 532 494
positive/IMG20231015134129.jpg 1 573 1550 726 514
positive/IMG20231015134140.jpg 1 1712 1701 555 387
positive/IMG20231015134141.jpg 1 1582 745 523 417
positive/IMG20231015134141_01.jpg 1 1847 837 467 482
positive/IMG20231015134142.jpg 1 1768 1243 663 525
positive/IMG20231015134145.jpg 1 1336 1461 594 513
positive/IMG20231015134147.jpg 1 1616 831 595 510
positive/IMG20231015134152.jpg 1 1483 1455 971 624
positive/IMG20231015134152_01.jpg 1 1573 1477 964 610
positive/IMG20231015134153.jpg 1 2010 1353 737 615
